4
Nguyen Van A
19127001
01272001
01/27/2001
-1
-1
-1
-1
-1
16 6 2020 7 30 11 30 -1
23 6 2020 7 30 11 30 -1
30 6 2020 7 30 11 30 -1
7 7 2020 7 30 11 30 -1
14 7 2020 7 30 11 30 -1
21 7 2020 7 30 11 30 -1
28 7 2020 7 30 11 30 -1
4 8 2020 7 30 11 30 -1
11 8 2020 7 30 11 30 -1

Nguyen Van B
19127004
03242001
03/24/2001
-1
-1
-1
-1
-1
16 6 2020 7 30 11 30 -1
23 6 2020 7 30 11 30 -1
30 6 2020 7 30 11 30 -1
7 7 2020 7 30 11 30 -1
14 7 2020 7 30 11 30 -1
21 7 2020 7 30 11 30 -1
28 7 2020 7 30 11 30 -1
4 8 2020 7 30 11 30 -1
11 8 2020 7 30 11 30 -1

Lam Van C
19127003
11042001
11/04/2001
-1
-1
-1
-1
-1
16 6 2020 7 30 11 30 -1
23 6 2020 7 30 11 30 -1
30 6 2020 7 30 11 30 -1
7 7 2020 7 30 11 30 -1
14 7 2020 7 30 11 30 -1
21 7 2020 7 30 11 30 -1
28 7 2020 7 30 11 30 -1
4 8 2020 7 30 11 30 -1
11 8 2020 7 30 11 30 -1

Huynh Van D
19127005
08202001
08/20/2001
-1
-1
-1
-1
-1
16 6 2020 7 30 11 30 -1
23 6 2020 7 30 11 30 -1
30 6 2020 7 30 11 30 -1
7 7 2020 7 30 11 30 -1
14 7 2020 7 30 11 30 -1
21 7 2020 7 30 11 30 -1
28 7 2020 7 30 11 30 -1
4 8 2020 7 30 11 30 -1
11 8 2020 7 30 11 30 -1

