4
Nguyen Tran B
19127555
20010130
2001-01-30
-1
-1
-1
-1
-1
8 6 2020 7 30 11 30 -1
15 6 2020 7 30 11 30 -1
22 6 2020 7 30 11 30 -1
29 6 2020 7 30 11 30 -1
6 7 2020 7 30 11 30 -1
13 7 2020 7 30 11 30 -1
20 7 2020 7 30 11 30 -1
27 7 2020 7 30 11 30 -1
3 8 2020 7 30 11 30 -1
10 8 2020 7 30 11 30 -1
17 8 2020 7 30 11 30 -1
24 8 2020 7 30 11 30 -1
31 8 2020 7 30 11 30 -1
7 9 2020 7 30 11 30 -1
14 9 2020 7 30 11 30 -1
21 9 2020 7 30 11 30 -1
28 9 2020 7 30 11 30 -1
5 10 2020 7 30 11 30 -1
12 10 2020 7 30 11 30 -1
19 10 2020 7 30 11 30 -1
26 10 2020 7 30 11 30 -1
2 11 2020 7 30 11 30 -1
9 11 2020 7 30 11 30 -1
16 11 2020 7 30 11 30 -1
23 11 2020 7 30 11 30 -1
30 11 2020 7 30 11 30 -1

Mac Thanh R
19127122
20010511
2001-05-11
-1
-1
-1
-1
-1
8 6 2020 7 30 11 30 -1
15 6 2020 7 30 11 30 -1
22 6 2020 7 30 11 30 -1
29 6 2020 7 30 11 30 -1
6 7 2020 7 30 11 30 -1
13 7 2020 7 30 11 30 -1
20 7 2020 7 30 11 30 -1
27 7 2020 7 30 11 30 -1
3 8 2020 7 30 11 30 -1
10 8 2020 7 30 11 30 -1
17 8 2020 7 30 11 30 -1
24 8 2020 7 30 11 30 -1
31 8 2020 7 30 11 30 -1
7 9 2020 7 30 11 30 -1
14 9 2020 7 30 11 30 -1
21 9 2020 7 30 11 30 -1
28 9 2020 7 30 11 30 -1
5 10 2020 7 30 11 30 -1
12 10 2020 7 30 11 30 -1
19 10 2020 7 30 11 30 -1
26 10 2020 7 30 11 30 -1
2 11 2020 7 30 11 30 -1
9 11 2020 7 30 11 30 -1
16 11 2020 7 30 11 30 -1
23 11 2020 7 30 11 30 -1
30 11 2020 7 30 11 30 -1

Vo Van T
19127556
20010909
2001-09-09
-1
-1
-1
-1
-1
8 6 2020 7 30 11 30 -1
15 6 2020 7 30 11 30 -1
22 6 2020 7 30 11 30 -1
29 6 2020 7 30 11 30 -1
6 7 2020 7 30 11 30 -1
13 7 2020 7 30 11 30 -1
20 7 2020 7 30 11 30 -1
27 7 2020 7 30 11 30 -1
3 8 2020 7 30 11 30 -1
10 8 2020 7 30 11 30 -1
17 8 2020 7 30 11 30 -1
24 8 2020 7 30 11 30 -1
31 8 2020 7 30 11 30 -1
7 9 2020 7 30 11 30 -1
14 9 2020 7 30 11 30 -1
21 9 2020 7 30 11 30 -1
28 9 2020 7 30 11 30 -1
5 10 2020 7 30 11 30 -1
12 10 2020 7 30 11 30 -1
19 10 2020 7 30 11 30 -1
26 10 2020 7 30 11 30 -1
2 11 2020 7 30 11 30 -1
9 11 2020 7 30 11 30 -1
16 11 2020 7 30 11 30 -1
23 11 2020 7 30 11 30 -1
30 11 2020 7 30 11 30 -1

Vu Viet Hung
19127155
20011104
2001-11-04
-1
-1
-1
-1
-1
8 6 2020 7 30 11 30 1
15 6 2020 7 30 11 30 1
22 6 2020 7 30 11 30 -1
29 6 2020 7 30 11 30 -1
6 7 2020 7 30 11 30 -1
13 7 2020 7 30 11 30 1
20 7 2020 7 30 11 30 -1
27 7 2020 7 30 11 30 -1
3 8 2020 7 30 11 30 -1
10 8 2020 7 30 11 30 -1
17 8 2020 7 30 11 30 -1
24 8 2020 7 30 11 30 -1
31 8 2020 7 30 11 30 1
7 9 2020 7 30 11 30 -1
14 9 2020 7 30 11 30 -1
21 9 2020 7 30 11 30 -1
28 9 2020 7 30 11 30 -1
5 10 2020 7 30 11 30 -1
12 10 2020 7 30 11 30 -1
19 10 2020 7 30 11 30 -1
26 10 2020 7 30 11 30 -1
2 11 2020 7 30 11 30 -1
9 11 2020 7 30 11 30 -1
16 11 2020 7 30 11 30 -1
23 11 2020 7 30 11 30 -1
30 11 2020 7 30 11 30 -1

