4
Nguyen Van A
19127001
2001-01-27
2001-01-27
-1
-1
-1
-1
-1
13 6 2020 13 30 17 30 -1
20 6 2020 13 30 17 30 -1
27 6 2020 13 30 17 30 -1
4 7 2020 13 30 17 30 -1
11 7 2020 13 30 17 30 -1
18 7 2020 13 30 17 30 -1
25 7 2020 13 30 17 30 -1
1 8 2020 13 30 17 30 -1
8 8 2020 13 30 17 30 -1
15 8 2020 13 30 17 30 -1
22 8 2020 13 30 17 30 -1
29 8 2020 13 30 17 30 -1
5 9 2020 13 30 17 30 -1
12 9 2020 13 30 17 30 -1
19 9 2020 13 30 17 30 -1
26 9 2020 13 30 17 30 -1
3 10 2020 13 30 17 30 -1
10 10 2020 13 30 17 30 -1
17 10 2020 13 30 17 30 -1
24 10 2020 13 30 17 30 -1
31 10 2020 13 30 17 30 -1
7 11 2020 13 30 17 30 -1
14 11 2020 13 30 17 30 -1
21 11 2020 13 30 17 30 -1
28 11 2020 13 30 17 30 -1

Nguyen Van B
19127004
2001-03-24
2001-03-24
-1
-1
-1
-1
-1
13 6 2020 13 30 17 30 -1
20 6 2020 13 30 17 30 -1
27 6 2020 13 30 17 30 -1
4 7 2020 13 30 17 30 -1
11 7 2020 13 30 17 30 -1
18 7 2020 13 30 17 30 -1
25 7 2020 13 30 17 30 -1
1 8 2020 13 30 17 30 -1
8 8 2020 13 30 17 30 -1
15 8 2020 13 30 17 30 -1
22 8 2020 13 30 17 30 -1
29 8 2020 13 30 17 30 -1
5 9 2020 13 30 17 30 -1
12 9 2020 13 30 17 30 -1
19 9 2020 13 30 17 30 -1
26 9 2020 13 30 17 30 -1
3 10 2020 13 30 17 30 -1
10 10 2020 13 30 17 30 -1
17 10 2020 13 30 17 30 -1
24 10 2020 13 30 17 30 -1
31 10 2020 13 30 17 30 -1
7 11 2020 13 30 17 30 -1
14 11 2020 13 30 17 30 -1
21 11 2020 13 30 17 30 -1
28 11 2020 13 30 17 30 -1

Lam Van C
19127003
2001-11-04
2001-11-04
-1
-1
-1
-1
-1
13 6 2020 13 30 17 30 -1
20 6 2020 13 30 17 30 -1
27 6 2020 13 30 17 30 -1
4 7 2020 13 30 17 30 -1
11 7 2020 13 30 17 30 -1
18 7 2020 13 30 17 30 -1
25 7 2020 13 30 17 30 -1
1 8 2020 13 30 17 30 -1
8 8 2020 13 30 17 30 -1
15 8 2020 13 30 17 30 -1
22 8 2020 13 30 17 30 -1
29 8 2020 13 30 17 30 -1
5 9 2020 13 30 17 30 -1
12 9 2020 13 30 17 30 -1
19 9 2020 13 30 17 30 -1
26 9 2020 13 30 17 30 -1
3 10 2020 13 30 17 30 -1
10 10 2020 13 30 17 30 -1
17 10 2020 13 30 17 30 -1
24 10 2020 13 30 17 30 -1
31 10 2020 13 30 17 30 -1
7 11 2020 13 30 17 30 -1
14 11 2020 13 30 17 30 -1
21 11 2020 13 30 17 30 -1
28 11 2020 13 30 17 30 -1

Huynh Van D
19127005
2001-08-20
2001-08-20
-1
-1
-1
-1
-1
13 6 2020 13 30 17 30 -1
20 6 2020 13 30 17 30 -1
27 6 2020 13 30 17 30 -1
4 7 2020 13 30 17 30 -1
11 7 2020 13 30 17 30 -1
18 7 2020 13 30 17 30 -1
25 7 2020 13 30 17 30 -1
1 8 2020 13 30 17 30 -1
8 8 2020 13 30 17 30 -1
15 8 2020 13 30 17 30 -1
22 8 2020 13 30 17 30 -1
29 8 2020 13 30 17 30 -1
5 9 2020 13 30 17 30 -1
12 9 2020 13 30 17 30 -1
19 9 2020 13 30 17 30 -1
26 9 2020 13 30 17 30 -1
3 10 2020 13 30 17 30 -1
10 10 2020 13 30 17 30 -1
17 10 2020 13 30 17 30 -1
24 10 2020 13 30 17 30 -1
31 10 2020 13 30 17 30 -1
7 11 2020 13 30 17 30 -1
14 11 2020 13 30 17 30 -1
21 11 2020 13 30 17 30 -1
28 11 2020 13 30 17 30 -1

