4
Nguyen Tran B
19127555
20010130
2001-01-30
1
-1
-1
-1
-1
10 4 2020 13 30 15 30 -1
17 4 2020 13 30 15 30 -1
24 4 2020 13 30 15 30 -1
1 5 2020 13 30 15 30 -1
8 5 2020 13 30 15 30 -1
15 5 2020 13 30 15 30 -1
22 5 2020 13 30 15 30 -1
29 5 2020 13 30 15 30 -1
5 6 2020 13 30 15 30 -1
12 6 2020 13 30 15 30 -1
19 6 2020 13 30 15 30 -1
26 6 2020 13 30 15 30 -1
3 7 2020 13 30 15 30 -1
10 7 2020 13 30 15 30 -1
17 7 2020 13 30 15 30 -1
24 7 2020 13 30 15 30 -1
31 7 2020 13 30 15 30 -1
7 8 2020 13 30 15 30 -1
14 8 2020 13 30 15 30 -1
21 8 2020 13 30 15 30 -1
28 8 2020 13 30 15 30 -1
4 9 2020 13 30 15 30 -1
11 9 2020 13 30 15 30 -1
18 9 2020 13 30 15 30 -1
25 9 2020 13 30 15 30 -1
2 10 2020 13 30 15 30 -1
9 10 2020 13 30 15 30 -1
16 10 2020 13 30 15 30 -1
23 10 2020 13 30 15 30 -1
30 10 2020 13 30 15 30 -1
6 11 2020 13 30 15 30 -1
13 11 2020 13 30 15 30 -1
20 11 2020 13 30 15 30 -1
27 11 2020 13 30 15 30 -1
4 12 2020 13 30 15 30 -1
11 12 2020 13 30 15 30 -1
18 12 2020 13 30 15 30 -1
25 12 2020 13 30 15 30 -1
1 13 2020 13 30 15 30 -1

Mac Thanh R
19127122
20010511
2001-05-11
1
-1
-1
-1
-1
10 4 2020 13 30 15 30 -1
17 4 2020 13 30 15 30 -1
24 4 2020 13 30 15 30 -1
1 5 2020 13 30 15 30 -1
8 5 2020 13 30 15 30 -1
15 5 2020 13 30 15 30 -1
22 5 2020 13 30 15 30 -1
29 5 2020 13 30 15 30 -1
5 6 2020 13 30 15 30 -1
12 6 2020 13 30 15 30 -1
19 6 2020 13 30 15 30 -1
26 6 2020 13 30 15 30 -1
3 7 2020 13 30 15 30 -1
10 7 2020 13 30 15 30 -1
17 7 2020 13 30 15 30 -1
24 7 2020 13 30 15 30 -1
31 7 2020 13 30 15 30 -1
7 8 2020 13 30 15 30 -1
14 8 2020 13 30 15 30 -1
21 8 2020 13 30 15 30 -1
28 8 2020 13 30 15 30 -1
4 9 2020 13 30 15 30 -1
11 9 2020 13 30 15 30 -1
18 9 2020 13 30 15 30 -1
25 9 2020 13 30 15 30 -1
2 10 2020 13 30 15 30 -1
9 10 2020 13 30 15 30 -1
16 10 2020 13 30 15 30 -1
23 10 2020 13 30 15 30 -1
30 10 2020 13 30 15 30 -1
6 11 2020 13 30 15 30 -1
13 11 2020 13 30 15 30 -1
20 11 2020 13 30 15 30 -1
27 11 2020 13 30 15 30 -1
4 12 2020 13 30 15 30 -1
11 12 2020 13 30 15 30 -1
18 12 2020 13 30 15 30 -1
25 12 2020 13 30 15 30 -1
1 13 2020 13 30 15 30 -1

Vo Van T
19127556
20010909
2001-09-09
1
-1
-1
-1
-1
10 4 2020 13 30 15 30 -1
17 4 2020 13 30 15 30 -1
24 4 2020 13 30 15 30 -1
1 5 2020 13 30 15 30 -1
8 5 2020 13 30 15 30 -1
15 5 2020 13 30 15 30 -1
22 5 2020 13 30 15 30 -1
29 5 2020 13 30 15 30 -1
5 6 2020 13 30 15 30 -1
12 6 2020 13 30 15 30 -1
19 6 2020 13 30 15 30 -1
26 6 2020 13 30 15 30 -1
3 7 2020 13 30 15 30 -1
10 7 2020 13 30 15 30 -1
17 7 2020 13 30 15 30 -1
24 7 2020 13 30 15 30 -1
31 7 2020 13 30 15 30 -1
7 8 2020 13 30 15 30 -1
14 8 2020 13 30 15 30 -1
21 8 2020 13 30 15 30 -1
28 8 2020 13 30 15 30 -1
4 9 2020 13 30 15 30 -1
11 9 2020 13 30 15 30 -1
18 9 2020 13 30 15 30 -1
25 9 2020 13 30 15 30 -1
2 10 2020 13 30 15 30 -1
9 10 2020 13 30 15 30 -1
16 10 2020 13 30 15 30 -1
23 10 2020 13 30 15 30 -1
30 10 2020 13 30 15 30 -1
6 11 2020 13 30 15 30 -1
13 11 2020 13 30 15 30 -1
20 11 2020 13 30 15 30 -1
27 11 2020 13 30 15 30 -1
4 12 2020 13 30 15 30 -1
11 12 2020 13 30 15 30 -1
18 12 2020 13 30 15 30 -1
25 12 2020 13 30 15 30 -1
1 13 2020 13 30 15 30 -1

Vu Viet Hung
19127155
20011104
2001-11-04
1
-1
-1
-1
-1
10 4 2020 13 30 15 30 -1
17 4 2020 13 30 15 30 -1
24 4 2020 13 30 15 30 -1
1 5 2020 13 30 15 30 -1
8 5 2020 13 30 15 30 -1
15 5 2020 13 30 15 30 -1
22 5 2020 13 30 15 30 -1
29 5 2020 13 30 15 30 -1
5 6 2020 13 30 15 30 -1
12 6 2020 13 30 15 30 -1
19 6 2020 13 30 15 30 -1
26 6 2020 13 30 15 30 -1
3 7 2020 13 30 15 30 -1
10 7 2020 13 30 15 30 -1
17 7 2020 13 30 15 30 -1
24 7 2020 13 30 15 30 -1
31 7 2020 13 30 15 30 -1
7 8 2020 13 30 15 30 -1
14 8 2020 13 30 15 30 -1
21 8 2020 13 30 15 30 -1
28 8 2020 13 30 15 30 -1
4 9 2020 13 30 15 30 -1
11 9 2020 13 30 15 30 -1
18 9 2020 13 30 15 30 -1
25 9 2020 13 30 15 30 -1
2 10 2020 13 30 15 30 -1
9 10 2020 13 30 15 30 -1
16 10 2020 13 30 15 30 -1
23 10 2020 13 30 15 30 -1
30 10 2020 13 30 15 30 -1
6 11 2020 13 30 15 30 -1
13 11 2020 13 30 15 30 -1
20 11 2020 13 30 15 30 -1
27 11 2020 13 30 15 30 -1
4 12 2020 13 30 15 30 -1
11 12 2020 13 30 15 30 -1
18 12 2020 13 30 15 30 -1
25 12 2020 13 30 15 30 -1
1 13 2020 13 30 15 30 -1

