4
Nguyen Tran B
19127555
20010130
2001-01-30
-1
-1
-1
-1
-1
9 6 2020 7 30 11 30 -1
16 6 2020 7 30 11 30 -1
23 6 2020 7 30 11 30 -1
30 6 2020 7 30 11 30 -1
7 7 2020 7 30 11 30 -1
14 7 2020 7 30 11 30 -1
21 7 2020 7 30 11 30 -1
28 7 2020 7 30 11 30 -1
4 8 2020 7 30 11 30 -1

Mac Thanh R
19127122
20010511
2001-05-11
-1
-1
-1
-1
-1
9 6 2020 7 30 11 30 -1
16 6 2020 7 30 11 30 -1
23 6 2020 7 30 11 30 -1
30 6 2020 7 30 11 30 -1
7 7 2020 7 30 11 30 -1
14 7 2020 7 30 11 30 -1
21 7 2020 7 30 11 30 -1
28 7 2020 7 30 11 30 -1
4 8 2020 7 30 11 30 -1

Vo Van T
19127556
20010909
2001-09-09
-1
-1
-1
-1
-1
9 6 2020 7 30 11 30 -1
16 6 2020 7 30 11 30 -1
23 6 2020 7 30 11 30 -1
30 6 2020 7 30 11 30 -1
7 7 2020 7 30 11 30 -1
14 7 2020 7 30 11 30 -1
21 7 2020 7 30 11 30 -1
28 7 2020 7 30 11 30 -1
4 8 2020 7 30 11 30 -1

Vu Viet Hung
19127155
20011104
2001-11-04
-1
-1
-1
-1
-1
9 6 2020 7 30 11 30 -1
16 6 2020 7 30 11 30 -1
23 6 2020 7 30 11 30 -1
30 6 2020 7 30 11 30 -1
7 7 2020 7 30 11 30 -1
14 7 2020 7 30 11 30 -1
21 7 2020 7 30 11 30 -1
28 7 2020 7 30 11 30 -1
4 8 2020 7 30 11 30 -1

