4
Nguyen Van A
19127001
2001-01-27
2001-01-27
-1
8
8
0
8
8 6 2020 7 30 11 30 -1
15 6 2020 7 30 11 30 -1
22 6 2020 7 30 11 30 -1
29 6 2020 7 30 11 30 -1
6 7 2020 7 30 11 30 -1
13 7 2020 7 30 11 30 -1
20 7 2020 7 30 11 30 -1
27 7 2020 7 30 11 30 -1
3 8 2020 7 30 11 30 -1
10 8 2020 7 30 11 30 -1
17 8 2020 7 30 11 30 -1
24 8 2020 7 30 11 30 -1
31 8 2020 7 30 11 30 -1
7 9 2020 7 30 11 30 -1
14 9 2020 7 30 11 30 -1
21 9 2020 7 30 11 30 -1
28 9 2020 7 30 11 30 -1
5 10 2020 7 30 11 30 -1
12 10 2020 7 30 11 30 -1
19 10 2020 7 30 11 30 -1
26 10 2020 7 30 11 30 -1
2 11 2020 7 30 11 30 -1
9 11 2020 7 30 11 30 -1
16 11 2020 7 30 11 30 -1
23 11 2020 7 30 11 30 -1
30 11 2020 7 30 11 30 -1

Nguyen Van B
19127004
2001-03-24
2001-03-24
-1
9
9
0
9
8 6 2020 7 30 11 30 -1
15 6 2020 7 30 11 30 -1
22 6 2020 7 30 11 30 -1
29 6 2020 7 30 11 30 -1
6 7 2020 7 30 11 30 -1
13 7 2020 7 30 11 30 -1
20 7 2020 7 30 11 30 -1
27 7 2020 7 30 11 30 -1
3 8 2020 7 30 11 30 -1
10 8 2020 7 30 11 30 -1
17 8 2020 7 30 11 30 -1
24 8 2020 7 30 11 30 -1
31 8 2020 7 30 11 30 -1
7 9 2020 7 30 11 30 -1
14 9 2020 7 30 11 30 -1
21 9 2020 7 30 11 30 -1
28 9 2020 7 30 11 30 -1
5 10 2020 7 30 11 30 -1
12 10 2020 7 30 11 30 -1
19 10 2020 7 30 11 30 -1
26 10 2020 7 30 11 30 -1
2 11 2020 7 30 11 30 -1
9 11 2020 7 30 11 30 -1
16 11 2020 7 30 11 30 -1
23 11 2020 7 30 11 30 -1
30 11 2020 7 30 11 30 -1

Lam Van C
19127003
2001-11-04
2001-11-04
-1
7
7
1
8
8 6 2020 7 30 11 30 -1
15 6 2020 7 30 11 30 -1
22 6 2020 7 30 11 30 -1
29 6 2020 7 30 11 30 -1
6 7 2020 7 30 11 30 -1
13 7 2020 7 30 11 30 -1
20 7 2020 7 30 11 30 -1
27 7 2020 7 30 11 30 -1
3 8 2020 7 30 11 30 -1
10 8 2020 7 30 11 30 -1
17 8 2020 7 30 11 30 -1
24 8 2020 7 30 11 30 -1
31 8 2020 7 30 11 30 -1
7 9 2020 7 30 11 30 -1
14 9 2020 7 30 11 30 -1
21 9 2020 7 30 11 30 -1
28 9 2020 7 30 11 30 -1
5 10 2020 7 30 11 30 -1
12 10 2020 7 30 11 30 -1
19 10 2020 7 30 11 30 -1
26 10 2020 7 30 11 30 -1
2 11 2020 7 30 11 30 -1
9 11 2020 7 30 11 30 -1
16 11 2020 7 30 11 30 -1
23 11 2020 7 30 11 30 -1
30 11 2020 7 30 11 30 -1

Huynh Van D
19127005
2001-08-20
2001-08-20
-1
6
6
1
7
8 6 2020 7 30 11 30 -1
15 6 2020 7 30 11 30 -1
22 6 2020 7 30 11 30 -1
29 6 2020 7 30 11 30 -1
6 7 2020 7 30 11 30 -1
13 7 2020 7 30 11 30 -1
20 7 2020 7 30 11 30 -1
27 7 2020 7 30 11 30 -1
3 8 2020 7 30 11 30 -1
10 8 2020 7 30 11 30 -1
17 8 2020 7 30 11 30 -1
24 8 2020 7 30 11 30 -1
31 8 2020 7 30 11 30 -1
7 9 2020 7 30 11 30 -1
14 9 2020 7 30 11 30 -1
21 9 2020 7 30 11 30 -1
28 9 2020 7 30 11 30 -1
5 10 2020 7 30 11 30 -1
12 10 2020 7 30 11 30 -1
19 10 2020 7 30 11 30 -1
26 10 2020 7 30 11 30 -1
2 11 2020 7 30 11 30 -1
9 11 2020 7 30 11 30 -1
16 11 2020 7 30 11 30 -1
23 11 2020 7 30 11 30 -1
30 11 2020 7 30 11 30 -1

